43 45 14 62 84 97 44 24 9 36 80 92 44 9 26 10 24 
94 86 40 89 17 85 23 73 59 68 31 27 0 68 49 99 42 
89 31 60 100 84 27 70 52 51 50 37 67 13 69 80 55 25 
63 1 11 0 82 60 58 33 94 15 24 73 42 90 84 92 39 
38 68 78 0 89 56 73 5 77 19 65 38 38 14 94 44 6 
6 11 2 1 53 53 43 9 78 70 45 100 33 66 14 51 100 
76 51 16 59 62 5 37 90 23 22 82 58 44 20 53 91 51 
79 66 48 19 40 76 69 89 58 21 82 23 8 99 62 12 63 
55 36 91 99 8 63 88 2 0 18 5 4 75 23 16 37 15 
63 83 39 37 1 74 30 15 8 7 48 4 71 75 73 84 38 
52 76 73 79 64 44 66 69 71 9 61 75 42 67 29 70 87 
88 25 48 99 25 44 70 12 15 19 5 67 71 97 5 94 0 
85 88 71 21 94 56 67 3 93 57 5 74 9 16 75 11 21 
63 49 89 94 40 11 57 67 81 36 96 81 98 51 77 72 36 
93 24 19 30 18 59 44 52 56 86 73 10 67 27 80 88 55 
79 68 48 10 41 91 21 7 19 78 17 30 4 70 48 100 67 
27 13 18 51 70 92 20 0 4 56 94 77 49 54 68 1 57 
