30 13 29 22 27 69 19 20 100 25 61 97 33 36 86 64 
51 96 46 40 93 38 89 87 55 99 12 96 70 37 55 25 
23 96 57 64 11 63 70 76 12 91 66 47 66 57 17 52 
62 94 91 87 2 68 23 100 28 14 76 83 45 32 71 35 
70 95 93 67 24 43 56 24 51 27 52 5 26 38 88 92 
49 76 16 31 11 54 6 2 5 96 91 16 63 3 2 68 
35 39 72 60 17 29 18 58 99 99 48 90 51 77 55 80 
7 93 98 48 0 64 48 78 17 95 46 87 60 71 87 59 
11 54 73 60 40 47 44 8 27 1 21 65 48 97 43 49 
28 16 77 12 71 43 15 0 97 21 15 15 42 51 83 15 
76 89 44 96 35 65 6 2 62 7 29 60 13 62 92 15 
84 56 85 16 84 47 97 51 56 42 23 98 45 55 100 38 
78 98 22 98 13 34 49 47 51 35 8 6 35 91 54 14 
34 65 44 11 51 44 16 1 44 29 96 51 39 14 34 80 
86 1 78 74 29 74 36 33 4 67 56 40 48 1 5 44 
69 96 16 27 30 55 25 90 36 25 93 12 93 17 72 86 
