46 89 12 0 92 54 67 14 85 91 69 6 92 86 93 59 31 93 91 88 
12 45 19 55 31 20 83 15 28 82 57 29 94 74 90 96 12 50 59 58 
22 54 45 54 71 61 85 85 6 66 89 26 4 34 86 8 26 53 7 99 
85 27 21 93 96 61 27 99 31 29 48 44 23 93 2 61 43 23 34 14 
88 56 10 23 13 55 12 67 71 29 83 15 14 19 100 22 38 4 48 58 
8 64 5 99 5 43 64 6 3 80 18 56 79 1 10 83 24 5 36 68 
35 68 85 94 35 85 26 96 49 76 83 50 15 33 97 59 90 66 95 80 
89 45 63 77 48 14 92 26 44 28 11 28 27 90 91 57 37 55 99 79 
47 17 42 91 64 33 46 31 98 39 55 30 93 81 87 65 35 57 34 31 
1 47 99 51 41 35 96 17 78 23 89 61 80 64 88 90 13 35 50 8 
2 50 66 74 40 53 1 9 7 92 61 71 25 22 38 40 13 77 18 15 
27 61 5 11 56 64 52 63 42 90 68 52 88 95 43 92 77 88 6 25 
22 16 72 2 96 8 47 84 8 56 70 93 44 47 62 86 33 64 39 73 
30 3 70 79 89 33 0 47 14 57 90 5 4 46 68 5 55 36 26 29 
95 12 80 67 59 39 10 16 12 64 53 32 61 62 72 9 30 24 62 76 
89 32 81 87 56 68 6 61 98 19 41 27 9 90 97 19 4 81 86 52 
92 66 70 24 20 55 19 79 93 71 53 14 17 1 50 52 68 88 29 15 
45 94 11 83 35 12 97 45 86 72 97 92 95 28 9 52 49 13 76 88 
68 5 15 78 79 4 76 42 36 24 10 11 46 68 16 73 65 36 33 18 
29 24 81 30 57 65 90 7 58 43 18 93 45 14 27 72 16 28 6 9 
