0 88 53 76 46 19 97 91 6 69 86 21 95 
28 0 78 56 3 88 1 90 82 46 1 46 66 
90 4 61 17 23 23 21 22 4 21 1 20 58 
64 44 5 10 62 66 54 83 50 41 33 22 68 
41 34 80 31 33 8 33 58 95 11 76 33 70 
51 43 9 97 40 87 42 25 20 32 33 69 63 
0 60 91 58 7 46 37 39 67 70 76 17 80 
60 14 87 35 18 7 94 10 69 13 100 14 69 
86 8 18 50 14 83 27 30 35 49 67 10 54 
68 81 80 84 51 38 88 65 75 99 74 92 37 
87 45 77 87 90 91 100 34 28 55 36 37 90 
10 95 18 97 92 25 87 42 61 28 50 42 65 
23 34 71 2 89 18 80 90 6 50 60 39 84 
