87 15 53 66 1 73 85 52 30 27 61 70 54 63 92 76 28 26 92 
53 72 26 94 12 2 99 50 14 79 57 21 50 8 94 56 71 89 79 
27 23 71 98 35 46 20 4 77 65 36 87 63 55 99 80 71 16 70 
51 40 2 72 45 87 18 61 17 86 25 25 14 4 51 62 43 19 72 
46 56 8 57 46 24 76 34 74 96 8 17 1 88 81 69 68 77 38 
0 4 55 66 87 59 20 52 69 33 11 57 70 85 72 51 44 51 18 
91 62 28 55 50 91 63 55 65 75 1 6 84 5 76 2 8 42 4 
50 46 7 56 81 84 42 62 81 36 53 64 60 52 93 39 2 84 53 
11 23 62 98 25 71 63 13 64 80 83 12 62 100 25 38 64 48 99 
18 96 85 41 69 61 73 40 43 3 72 28 3 15 81 7 66 79 50 
28 76 57 45 66 76 87 78 1 54 74 36 61 62 14 100 18 46 38 
15 20 59 25 17 42 88 32 95 50 1 6 72 15 86 2 20 47 7 
52 17 91 98 68 50 30 77 49 83 72 89 13 15 88 91 47 87 57 
78 6 45 38 12 66 74 18 2 59 47 98 56 74 54 30 39 16 88 
27 73 47 46 59 84 9 68 41 31 13 71 2 82 9 51 42 9 73 
40 40 95 78 57 56 95 34 53 81 3 83 96 45 19 4 37 52 56 
37 77 30 18 24 86 52 31 4 94 84 96 60 28 96 13 78 89 25 
32 83 17 14 66 51 52 22 34 56 51 34 1 40 49 30 31 80 4 
77 63 47 42 76 41 96 50 57 80 46 48 61 41 50 42 70 40 81 
