46 29 82 27 34 69 52 24 16 39 35 41 63 59 
87 77 48 82 84 46 75 70 85 94 99 79 34 2 
84 94 1 23 60 9 52 81 75 64 0 64 92 85 
97 29 62 77 17 93 65 22 32 10 63 63 28 82 
40 4 97 63 42 33 85 29 32 12 24 52 6 68 
12 6 92 89 53 99 6 86 98 96 9 33 91 96 
89 33 33 38 50 53 41 6 90 27 95 48 17 42 
60 21 49 49 93 72 54 33 32 14 6 42 49 96 
84 68 91 89 95 62 93 93 72 26 61 10 43 41 
47 52 21 20 35 20 6 9 12 4 86 24 67 28 
55 57 49 15 44 75 97 13 11 31 75 60 97 38 
65 9 33 46 21 34 52 28 60 15 3 16 28 30 
70 90 58 90 70 1 42 89 57 87 29 95 47 58 
85 50 49 39 11 52 43 96 64 78 66 90 46 69 
