64 65 70 65 0 57 88 5 52 3 92 64 76 61 15 63 10 37 
33 3 58 0 96 59 60 19 91 39 16 33 85 29 74 56 30 47 
50 32 21 21 28 52 87 1 87 70 8 68 89 9 55 40 7 12 
69 2 77 40 57 25 54 69 89 49 98 23 69 37 84 14 63 20 
63 62 74 82 48 33 29 93 6 25 41 57 2 48 70 36 79 10 
10 11 19 75 28 84 95 6 66 86 3 64 75 61 5 1 32 33 
69 63 55 52 53 67 29 57 9 67 49 36 22 22 64 74 27 63 
37 50 52 35 27 15 96 100 33 30 34 42 11 44 78 45 19 41 
98 34 88 92 13 2 92 41 26 94 63 44 20 48 76 53 96 4 
39 79 84 93 87 72 81 99 81 13 35 61 1 2 68 25 16 100 
0 92 100 42 73 0 16 45 54 55 66 48 32 77 63 30 70 46 
19 17 51 72 26 77 3 4 58 63 77 40 43 6 12 25 75 51 
36 98 55 97 76 60 7 0 75 13 7 0 16 37 4 90 93 17 
66 34 20 4 20 60 12 36 86 40 47 47 81 72 26 98 91 3 
44 81 72 19 46 68 39 6 58 84 74 92 20 96 65 18 9 94 
17 23 69 30 10 20 71 48 68 44 85 29 42 59 4 58 34 9 
62 40 55 86 17 6 94 68 18 24 70 14 29 8 27 81 62 12 
53 43 99 47 65 55 11 7 1 86 34 3 20 34 54 39 47 0 
