87 77 81 89 0 52 26 25 51 5 37 86 25 82 64 
71 56 10 7 97 80 66 38 52 34 74 39 65 10 63 
27 15 22 46 43 69 75 5 85 26 52 86 44 37 52 
5 92 64 2 71 100 14 26 36 94 8 0 10 93 86 
21 35 81 71 34 92 92 49 56 97 44 90 66 64 88 
50 11 20 35 59 40 54 81 19 75 32 12 65 39 65 
59 100 14 1 95 75 54 46 30 6 45 62 99 36 26 
36 88 79 59 53 36 44 46 74 95 72 78 75 77 42 
88 48 82 30 86 67 75 14 69 18 22 50 58 0 72 
37 66 73 83 84 24 12 99 48 72 93 81 25 56 97 
13 60 80 60 7 12 37 6 34 96 19 6 81 94 71 
84 2 52 37 36 69 97 72 64 47 79 40 22 37 44 
77 35 77 54 49 69 62 23 44 63 83 48 7 14 42 
16 40 13 77 46 52 70 50 17 16 66 49 78 79 51 
65 45 56 50 89 98 28 58 50 64 89 52 52 25 60 
