100 1900 1684.45 9.648984432220459
200 1800 1715.7 8.930847990512849
300 1700 1701.75 8.479096245765685
400 1600 1702.7 7.939648270606995
500 1500 1687.65 7.4415118336677555
600 1400 1683.25 6.957140970230102
700 1300 1695.1 6.484524583816528
800 1200 1700.5 5.997661662101746
900 1100 1682.05 5.46649078130722
1000 1000 1692.75 4.949076473712921
1100 900 1695.25 4.4705911636352536
1200 800 1695.4 3.9920076608657835
1300 700 1710.55 3.494778561592102
1400 600 1676.05 3.0464342832565308
1500 500 1675.1 2.5303938150405885
1600 400 1687.75 2.0280906081199648
1700 300 1657.4 1.5413491487503053
1800 200 1674.75 1.0571476697921753
1900 100 1667.05 0.5296734571456909
