3 259 0.0 100 100 259.0 0.027794957160949707
3 259 0.0 200 200 259.0 0.10398737192153931
3 259 0.0 300 300 259.0 0.2574883460998535
3 259 0.0 400 400 259.0 0.4807180047035217
3 259 0.0 500 500 259.0 0.6552692294120789
3 259 0.0 600 600 259.0 0.9310737490653992
3 259 0.0 700 700 259.0 1.2668476581573487
3 259 0.0 800 800 259.0 1.6631514072418212
3 259 0.0 900 900 259.0 2.1098963618278503
3 259 0.0 1000 1000 259.0 2.6142690539360047
3 259 0.0 100 100 259.0 0.026828444004058837
3 259 0.0 100 200 259.0 0.053065907955169675
3 259 0.0 100 300 259.0 0.08239308595657349
3 259 0.0 100 400 259.0 0.10602535009384155
3 259 0.0 100 500 259.0 0.13246535062789916
3 259 0.0 100 600 259.0 0.15807865858078002
3 259 0.0 100 700 259.0 0.185231351852417
3 259 0.0 100 800 259.0 0.21068994998931884
3 259 0.0 100 900 259.0 0.23767303228378295
3 259 0.0 100 1000 259.0 0.26597942113876344
3 259 0.0 100 100 259.0 0.026609361171722412
3 259 0.0 200 100 259.0 0.05205389261245728
3 259 0.0 300 100 259.0 0.07804936170578003
3 259 0.0 400 100 259.0 0.10409106016159057
3 259 0.0 500 100 259.0 0.1301690697669983
3 259 0.0 600 100 259.0 0.15450654029846192
3 259 0.0 700 100 259.0 0.18167771100997926
3 259 0.0 800 100 259.0 0.20756491422653198
3 259 0.0 900 100 259.0 0.2344350576400757
3 259 0.0 1000 100 259.0 0.271910285949707
4 267 1.673460006713867e-05 100 100 267.0 0.03939255475997925
4 267 1.673460006713867e-05 200 200 267.0 0.14921263456344605
4 267 1.673460006713867e-05 300 300 267.0 0.3653880715370178
4 267 1.673460006713867e-05 400 400 267.0 0.6283097743988038
4 267 1.673460006713867e-05 500 500 267.0 1.1041467308998107
4 267 1.673460006713867e-05 600 600 267.0 1.7719980955123902
4 267 1.673460006713867e-05 700 700 267.0 2.5665207266807557
4 267 1.673460006713867e-05 800 800 267.0 3.415433657169342
4 267 1.673460006713867e-05 900 900 267.0 3.603856086730957
4 267 1.673460006713867e-05 1000 1000 267.0 3.8865082025527955
4 267 1.673460006713867e-05 100 100 267.0 0.037076008319854734
4 267 1.673460006713867e-05 100 200 267.0 0.07403727769851684
4 267 1.673460006713867e-05 100 300 267.0 0.12113122940063477
4 267 1.673460006713867e-05 100 400 267.0 0.15723527669906617
4 267 1.673460006713867e-05 100 500 267.0 0.18302682638168336
4 267 1.673460006713867e-05 100 600 267.0 0.21895091533660888
4 267 1.673460006713867e-05 100 700 267.0 0.25673691034317014
4 267 1.673460006713867e-05 100 800 267.0 0.2935746550559998
4 267 1.673460006713867e-05 100 900 267.0 0.36160974502563475
4 267 1.673460006713867e-05 100 1000 267.0 0.36963614225387575
4 267 1.673460006713867e-05 100 100 267.0 0.036723756790161134
4 267 1.673460006713867e-05 200 100 267.0 0.07445104122161865
4 267 1.673460006713867e-05 300 100 267.0 0.11013950109481811
4 267 1.673460006713867e-05 400 100 267.0 0.1466090440750122
4 267 1.673460006713867e-05 500 100 267.0 0.1899475336074829
4 267 1.673460006713867e-05 600 100 267.0 0.26233071088790894
4 267 1.673460006713867e-05 700 100 267.0 0.3159856677055359
4 267 1.673460006713867e-05 800 100 267.0 0.3795891165733337
4 267 1.673460006713867e-05 900 100 267.0 0.46083871126174925
4 267 1.673460006713867e-05 1000 100 267.0 0.5323090076446533
5 355 0.0001266157627105713 100 100 355.0 0.0679779291152954
5 355 0.0001266157627105713 200 200 355.0 0.27110723257064817
5 355 0.0001266157627105713 300 300 355.0 0.5419779777526855
5 355 0.0001266157627105713 400 400 355.0 1.4113827109336854
5 355 0.0001266157627105713 500 500 355.0 2.3899749755859374
5 355 0.0001266157627105713 600 600 355.0 2.952594316005707
5 355 0.0001266157627105713 700 700 355.0 2.714057433605194
5 355 0.0001266157627105713 800 800 355.0 3.5893534421920776
5 355 0.0001266157627105713 900 900 355.0 3.9326348304748535
5 355 0.0001266157627105713 1000 1000 355.0 4.848975193500519
5 355 0.0001266157627105713 100 100 355.0 0.04918506145477295
5 355 0.0001266157627105713 100 200 355.0 0.10229027271270752
5 355 0.0001266157627105713 100 300 355.0 0.16501129865646363
5 355 0.0001266157627105713 100 400 355.0 0.2660433888435364
5 355 0.0001266157627105713 100 500 355.0 0.37847737073898313
5 355 0.0001266157627105713 100 600 355.0 0.48051488399505615
5 355 0.0001266157627105713 100 700 355.0 0.5308223843574524
5 355 0.0001266157627105713 100 800 355.0 0.6097677826881409
5 355 0.0001266157627105713 100 900 355.0 0.7029601693153381
5 355 0.0001266157627105713 100 1000 355.0 0.7562443971633911
5 355 0.0001266157627105713 100 100 355.0 0.0758730411529541
5 355 0.0001266157627105713 200 100 355.0 0.14864250421524047
5 355 0.0001266157627105713 300 100 355.0 0.22344495058059693
5 355 0.0001266157627105713 400 100 355.0 0.2999026656150818
5 355 0.0001266157627105713 500 100 355.0 0.4037112832069397
5 355 0.0001266157627105713 600 100 355.0 0.49994492530822754
5 355 0.0001266157627105713 700 100 355.0 0.5380555629730225
5 355 0.0001266157627105713 800 100 355.0 0.4509618043899536
5 355 0.0001266157627105713 900 100 355.0 0.5005576610565186
5 355 0.0001266157627105713 1000 100 355.0 0.5553680896759033
6 475 0.0007102489471435547 100 100 475.0 0.07118359804153443
6 475 0.0007102489471435547 200 200 475.0 0.2864196538925171
6 475 0.0007102489471435547 300 300 475.0 0.6408506035804749
6 475 0.0007102489471435547 400 400 475.0 1.197785210609436
6 475 0.0007102489471435547 500 500 475.0 1.7667083978652953
6 475 0.0007102489471435547 600 600 475.0 2.52225399017334
6 475 0.0007102489471435547 700 700 475.0 3.184621262550354
6 475 0.0007102489471435547 800 800 475.0 3.9428483843803406
6 475 0.0007102489471435547 900 900 475.0 7.60890132188797
6 475 0.0007102489471435547 1000 1000 475.0 6.721453428268433
6 475 0.0007102489471435547 100 100 475.0 0.06933006048202514
6 475 0.0007102489471435547 100 200 475.0 0.14566144943237305
6 475 0.0007102489471435547 100 300 475.0 0.21184078454971314
6 475 0.0007102489471435547 100 400 475.0 0.2881393551826477
6 475 0.0007102489471435547 100 500 475.0 0.3450853109359741
6 475 0.0007102489471435547 100 600 475.0 0.4149790287017822
6 475 0.0007102489471435547 100 700 475.0 0.45859534740448
6 475 0.0007102489471435547 100 800 475.0 0.4964068293571472
6 475 0.0007102489471435547 100 900 475.0 0.5609278559684754
6 475 0.0007102489471435547 100 1000 475.0 0.6223225474357605
6 475 0.0007102489471435547 100 100 475.0 0.062758469581604
6 475 0.0007102489471435547 200 100 475.0 0.12319650650024414
6 475 0.0007102489471435547 300 100 475.0 0.18505170345306396
6 475 0.0007102489471435547 400 100 475.0 0.24657015800476073
6 475 0.0007102489471435547 500 100 475.0 0.30668230056762696
6 475 0.0007102489471435547 600 100 475.0 0.3684623599052429
6 475 0.0007102489471435547 700 100 475.0 0.4301461935043335
6 475 0.0007102489471435547 800 100 475.0 0.49135667085647583
6 475 0.0007102489471435547 900 100 475.0 0.554828429222107
6 475 0.0007102489471435547 1000 100 475.0 0.6181182503700257
7 583 0.004623548984527588 100 100 583.0 0.07668039798736573
7 583 0.004623548984527588 200 200 583.0 0.308101487159729
7 583 0.004623548984527588 300 300 583.0 0.6961958050727844
7 583 0.004623548984527588 400 400 583.0 1.9439496755599976
7 583 0.004623548984527588 500 500 583.0 3.3138432264328004
7 583 0.004623548984527588 600 600 583.0 3.1592097163200377
7 583 0.004623548984527588 700 700 583.0 4.2731968998909
7 583 0.004623548984527588 800 800 583.0 6.143146979808807
7 583 0.004623548984527588 900 900 583.0 7.080692863464355
7 583 0.004623548984527588 1000 1000 583.0 8.455216670036316
7 583 0.004623548984527588 100 100 583.0 0.08357088565826416
7 583 0.004623548984527588 100 200 583.0 0.1654268503189087
7 583 0.004623548984527588 100 300 583.0 0.2442728042602539
7 583 0.004623548984527588 100 400 583.0 0.3229676127433777
7 583 0.004623548984527588 100 500 583.0 0.39770596027374266
7 583 0.004623548984527588 100 600 583.0 0.47865307331085205
7 583 0.004623548984527588 100 700 583.0 0.5425378918647766
7 583 0.004623548984527588 100 800 583.0 0.622410237789154
7 583 0.004623548984527588 100 900 583.0 0.6977802276611328
7 583 0.004623548984527588 100 1000 583.0 0.7756954073905945
7 583 0.004623548984527588 100 100 583.0 0.07908463478088379
7 583 0.004623548984527588 200 100 583.0 0.1553796648979187
7 583 0.004623548984527588 300 100 583.0 0.230292809009552
7 583 0.004623548984527588 400 100 583.0 0.3082025766372681
7 583 0.004623548984527588 500 100 583.0 0.39374154806137085
7 583 0.004623548984527588 600 100 583.0 0.5102646470069885
7 583 0.004623548984527588 700 100 583.0 0.6442120194435119
7 583 0.004623548984527588 800 100 583.0 0.6585107445716858
7 583 0.004623548984527588 900 100 583.0 0.7445319890975952
7 583 0.004623548984527588 1000 100 583.0 0.8491846680641174
8 657 0.04051375389099121 100 100 654.45 0.11186099052429199
8 657 0.04051375389099121 200 200 656.8 0.37725081443786623
8 657 0.04051375389099121 300 300 657.0 0.8564680933952331
8 657 0.04051375389099121 400 400 657.0 1.5698342800140381
8 657 0.04051375389099121 500 500 657.0 2.4617956280708313
8 657 0.04051375389099121 600 600 657.0 3.550184404850006
8 657 0.04051375389099121 700 700 657.0 4.952880787849426
8 657 0.04051375389099121 800 800 657.0 6.615880060195923
8 657 0.04051375389099121 900 900 657.0 8.634723138809203
8 657 0.04051375389099121 1000 1000 657.0 10.506284654140472
8 657 0.04051375389099121 100 100 655.45 0.09748786687850952
8 657 0.04051375389099121 100 200 656.0 0.1942049503326416
8 657 0.04051375389099121 100 300 656.6 0.3017674207687378
8 657 0.04051375389099121 100 400 656.7 0.38971844911575315
8 657 0.04051375389099121 100 500 656.7 0.48143079280853274
8 657 0.04051375389099121 100 600 656.9 0.5897579431533814
8 657 0.04051375389099121 100 700 656.8 0.7219181299209595
8 657 0.04051375389099121 100 800 657.0 0.7685596585273743
8 657 0.04051375389099121 100 900 656.9 0.8890724658966065
8 657 0.04051375389099121 100 1000 657.0 0.9615199208259583
8 657 0.04051375389099121 100 100 655.8 0.10331963300704956
8 657 0.04051375389099121 200 100 655.5 0.2253001093864441
8 657 0.04051375389099121 300 100 656.9 0.3487809181213379
8 657 0.04051375389099121 400 100 656.9 0.4483607053756714
8 657 0.04051375389099121 500 100 656.9 0.5371801137924195
8 657 0.04051375389099121 600 100 657.0 0.6432370662689209
8 657 0.04051375389099121 700 100 657.0 0.7592924952507019
8 657 0.04051375389099121 800 100 657.0 0.8643575072288513
8 657 0.04051375389099121 900 100 657.0 0.9756656408309936
8 657 0.04051375389099121 1000 100 657.0 1.09704909324646
9 743 0.43206143379211426 100 100 736.6 0.12072162628173828
9 743 0.43206143379211426 200 200 742.7 0.4651650428771973
9 743 0.43206143379211426 300 300 743.0 1.0607686758041381
9 743 0.43206143379211426 400 400 743.0 1.9202347278594971
9 743 0.43206143379211426 500 500 743.0 3.261179518699646
9 743 0.43206143379211426 600 600 743.0 4.40634914636612
9 743 0.43206143379211426 700 700 743.0 6.535737073421478
9 743 0.43206143379211426 800 800 743.0 7.490470552444458
9 743 0.43206143379211426 900 900 743.0 9.297508323192597
9 743 0.43206143379211426 1000 1000 743.0 13.925674498081207
9 743 0.43206143379211426 100 100 740.0 0.13190430402755737
9 743 0.43206143379211426 100 200 739.6 0.2644949793815613
9 743 0.43206143379211426 100 300 742.7 0.3856234192848206
9 743 0.43206143379211426 100 400 743.0 0.5255135655403137
9 743 0.43206143379211426 100 500 741.95 0.6397738218307495
9 743 0.43206143379211426 100 600 743.0 0.7829011440277099
9 743 0.43206143379211426 100 700 743.0 0.8914642453193664
9 743 0.43206143379211426 100 800 743.0 1.0111648440361023
9 743 0.43206143379211426 100 900 743.0 1.1357272267341614
9 743 0.43206143379211426 100 1000 743.0 1.2575323343276978
9 743 0.43206143379211426 100 100 741.05 0.12788187265396117
9 743 0.43206143379211426 200 100 742.1 0.25177899599075315
9 743 0.43206143379211426 300 100 742.7 0.3732619762420654
9 743 0.43206143379211426 400 100 743.0 0.5005515336990356
9 743 0.43206143379211426 500 100 743.0 0.6216840147972107
9 743 0.43206143379211426 600 100 743.0 0.7417879223823547
9 743 0.43206143379211426 700 100 743.0 0.8640803217887878
9 743 0.43206143379211426 800 100 743.0 1.0328646183013916
9 743 0.43206143379211426 900 100 743.0 1.1295916557312011
9 743 0.43206143379211426 1000 100 743.0 1.2676953196525573
10 893 4.554167985916138 100 100 878.45 0.15073781013488768
10 893 4.554167985916138 200 200 889.35 0.6024595379829407
10 893 4.554167985916138 300 300 891.35 1.4192076802253724
10 893 4.554167985916138 400 400 893.0 2.4296619296073914
10 893 4.554167985916138 500 500 893.0 3.5634528040885924
10 893 4.554167985916138 600 600 893.0 4.9285515666008
10 893 4.554167985916138 700 700 893.0 6.668893265724182
10 893 4.554167985916138 800 800 893.0 8.716357171535492
10 893 4.554167985916138 900 900 893.0 11.05986328125
10 893 4.554167985916138 1000 1000 893.0 13.705956947803497
10 893 4.554167985916138 100 100 881.15 0.13896574974060058
10 893 4.554167985916138 100 200 887.3 0.2732700228691101
10 893 4.554167985916138 100 300 883.65 0.4131246328353882
10 893 4.554167985916138 100 400 890.2 0.5493472337722778
10 893 4.554167985916138 100 500 887.45 0.6866522073745728
10 893 4.554167985916138 100 600 891.35 0.8276726603507996
10 893 4.554167985916138 100 700 890.3 0.9635492563247681
10 893 4.554167985916138 100 800 891.8 1.0950915694236756
10 893 4.554167985916138 100 900 891.45 1.2382357239723205
10 893 4.554167985916138 100 1000 893.0 1.3765205144882202
10 893 4.554167985916138 100 100 876.5 0.13689502477645873
10 893 4.554167985916138 200 100 886.9 0.2715697407722473
10 893 4.554167985916138 300 100 889.05 0.40864335298538207
10 893 4.554167985916138 400 100 889.45 0.5501241445541382
10 893 4.554167985916138 500 100 891.0 0.6812990427017211
10 893 4.554167985916138 600 100 891.35 0.816674280166626
10 893 4.554167985916138 700 100 891.75 0.9563065886497497
10 893 4.554167985916138 800 100 892.55 1.0898380756378174
10 893 4.554167985916138 900 100 893.0 1.2294810175895692
10 893 4.554167985916138 1000 100 893.0 1.3670935153961181
11 1000000 0 100 100 972.45 0.16339876651763915
11 1000000 0 200 200 995.25 0.6471925973892212
11 1000000 0 300 300 999.2 1.447929322719574
11 1000000 0 400 400 1002.3 2.5973520159721373
11 1000000 0 500 500 1003.2 4.066409492492676
11 1000000 0 600 600 1006.2 5.809300827980041
11 1000000 0 700 700 1007.8 7.9022408604621885
11 1000000 0 800 800 1008.2 10.31336053609848
11 1000000 0 900 900 1007.8 13.06827437877655
11 1000000 0 1000 1000 1009.0 16.174265909194947
11 1000000 0 100 100 981.05 0.16101422309875488
11 1000000 0 100 200 981.8 0.3241471290588379
11 1000000 0 100 300 989.2 0.48574315309524535
11 1000000 0 100 400 992.5 0.645854938030243
11 1000000 0 100 500 989.55 0.8093849062919617
11 1000000 0 100 600 993.2 0.9745327234268188
11 1000000 0 100 700 998.0 1.1397655844688415
11 1000000 0 100 800 995.95 1.2970667719841003
11 1000000 0 100 900 988.8 1.4735252737998963
11 1000000 0 100 1000 997.7 1.6271925926208497
11 1000000 0 100 100 981.6 0.16045674085617065
11 1000000 0 200 100 992.15 0.3283892869949341
11 1000000 0 300 100 988.95 0.48384804725646974
11 1000000 0 400 100 988.15 0.6454421877861023
11 1000000 0 500 100 996.8 0.8000631093978882
11 1000000 0 600 100 994.5 0.9689007759094238
11 1000000 0 700 100 997.35 1.124974536895752
11 1000000 0 800 100 998.8 1.2888753533363342
11 1000000 0 900 100 1001.4 1.447381591796875
11 1000000 0 1000 100 1002.2 1.6094335436820983
12 1000000 0 100 100 990.8 0.1891984224319458
12 1000000 0 200 200 1014.0 0.7588358163833618
12 1000000 0 300 300 1024.25 1.6978745937347413
12 1000000 0 400 400 1030.8 3.0217659950256346
12 1000000 0 500 500 1031.85 4.708571338653565
12 1000000 0 600 600 1033.1 6.80756539106369
12 1000000 0 700 700 1034.1 9.237195074558258
12 1000000 0 800 800 1034.7 12.055370020866395
12 1000000 0 900 900 1034.25 15.285495364665985
12 1000000 0 1000 1000 1034.3 18.928267538547516
12 1000000 0 100 100 994.55 0.1888746976852417
12 1000000 0 100 200 1006.8 0.3777314186096191
12 1000000 0 100 300 1018.9 0.5679165482521057
12 1000000 0 100 400 1011.95 0.7593542456626892
12 1000000 0 100 500 1016.25 0.9465933561325073
12 1000000 0 100 600 1018.95 1.1413744568824769
12 1000000 0 100 700 1022.65 1.3225552320480347
12 1000000 0 100 800 1028.3 1.514426016807556
12 1000000 0 100 900 1023.55 1.7051120758056642
12 1000000 0 100 1000 1026.5 1.894135558605194
12 1000000 0 100 100 993.65 0.18799562454223634
12 1000000 0 200 100 1013.55 0.3775536298751831
12 1000000 0 300 100 1017.65 0.5655631184577942
12 1000000 0 400 100 1017.7 0.7516131281852723
12 1000000 0 500 100 1026.3 0.9405261039733886
12 1000000 0 600 100 1023.4 1.1279124736785888
12 1000000 0 700 100 1029.2 1.3190293908119202
12 1000000 0 800 100 1032.25 1.5041895627975463
12 1000000 0 900 100 1033.8 1.6868751883506774
12 1000000 0 1000 100 1034.55 1.882350242137909
13 1000000 0 100 100 1116.3 0.22114397287368776
13 1000000 0 200 200 1139.8 0.8706969022750854
13 1000000 0 300 300 1156.5 1.966674554347992
13 1000000 0 400 400 1159.55 3.480898451805115
13 1000000 0 500 500 1161.3 5.419709765911103
13 1000000 0 600 600 1164.05 7.839385974407196
13 1000000 0 700 700 1162.95 10.603708720207214
13 1000000 0 800 800 1166.3 13.78556069135666
13 1000000 0 900 900 1165.0 17.422802126407625
13 1000000 0 1000 1000 1165.7 21.592086839675904
13 1000000 0 100 100 1114.25 0.21520135402679444
13 1000000 0 100 200 1123.0 0.4312459588050842
13 1000000 0 100 300 1134.3 0.6531636953353882
13 1000000 0 100 400 1134.2 0.8652111887931824
13 1000000 0 100 500 1144.1 1.0808398723602295
13 1000000 0 100 600 1138.7 1.2995248794555665
13 1000000 0 100 700 1141.45 1.5151347637176513
13 1000000 0 100 800 1148.0 1.7400475144386292
13 1000000 0 100 900 1146.5 1.9504338145256042
13 1000000 0 100 1000 1154.9 2.168182635307312
13 1000000 0 100 100 1111.55 0.2158776640892029
13 1000000 0 200 100 1131.75 0.43028557300567627
13 1000000 0 300 100 1147.45 0.6458969116210938
13 1000000 0 400 100 1150.85 0.8575950503349304
13 1000000 0 500 100 1153.6 1.0731009364128112
13 1000000 0 600 100 1150.1 1.2908453702926637
13 1000000 0 700 100 1160.25 1.5029826283454895
13 1000000 0 800 100 1162.5 1.7203616976737977
13 1000000 0 900 100 1155.15 1.9246095538139343
13 1000000 0 1000 100 1161.15 2.152313029766083
14 1000000 0 100 100 1175.25 0.24978643655776978
14 1000000 0 200 200 1213.6 0.989579153060913
14 1000000 0 300 300 1227.05 2.2359731674194334
14 1000000 0 400 400 1231.6 3.9842432737350464
14 1000000 0 500 500 1240.2 6.167065489292145
14 1000000 0 600 600 1243.95 8.971143627166748
14 1000000 0 700 700 1249.5 12.127740252017976
14 1000000 0 800 800 1249.3 15.866627860069276
14 1000000 0 900 900 1249.5 20.037759268283843
14 1000000 0 1000 1000 1249.6 24.81073393821716
14 1000000 0 100 100 1187.85 0.24704915285110474
14 1000000 0 100 200 1207.45 0.4959462881088257
14 1000000 0 100 300 1195.8 0.751244068145752
14 1000000 0 100 400 1212.5 0.9930070757865905
14 1000000 0 100 500 1219.85 1.2427469491958618
14 1000000 0 100 600 1217.9 1.490052092075348
14 1000000 0 100 700 1226.7 1.7356928825378417
14 1000000 0 100 800 1223.5 1.9851580739021302
14 1000000 0 100 900 1224.4 2.2354167222976686
14 1000000 0 100 1000 1228.95 2.4849093079566957
14 1000000 0 100 100 1181.25 0.24762755632400513
14 1000000 0 200 100 1220.95 0.4944864273071289
14 1000000 0 300 100 1212.25 0.737143075466156
14 1000000 0 400 100 1226.5 0.9846788167953491
14 1000000 0 500 100 1228.65 1.2302708625793457
14 1000000 0 600 100 1234.55 1.4729008674621582
14 1000000 0 700 100 1238.0 1.72229163646698
14 1000000 0 800 100 1240.8 1.9569051623344422
14 1000000 0 900 100 1240.1 2.205275845527649
14 1000000 0 1000 100 1245.0 2.4509258389472963
15 1000000 0 100 100 1258.95 0.2843968868255615
15 1000000 0 200 200 1317.65 1.1354883432388305
15 1000000 0 300 300 1323.1 2.5375940561294557
15 1000000 0 400 400 1334.6 4.518459987640381
15 1000000 0 500 500 1340.85 7.094265675544738
15 1000000 0 600 600 1336.45 10.1556112408638
15 1000000 0 700 700 1346.4 13.912826752662658
15 1000000 0 800 800 1349.5 18.101658296585082
15 1000000 0 900 900 1350.05 22.846068942546843
15 1000000 0 1000 1000 1352.0 28.268092107772826
15 1000000 0 100 100 1275.7 0.2801267862319946
15 1000000 0 100 200 1273.95 0.5671674609184265
15 1000000 0 100 300 1292.25 0.8512471556663513
15 1000000 0 100 400 1297.65 1.1306605458259582
15 1000000 0 100 500 1298.2 1.4164512991905212
15 1000000 0 100 600 1304.4 1.6954828381538392
15 1000000 0 100 700 1312.1 1.971605408191681
15 1000000 0 100 800 1305.05 2.2475015044212343
15 1000000 0 100 900 1318.85 2.5393009901046755
15 1000000 0 100 1000 1315.9 2.843008053302765
15 1000000 0 100 100 1269.3 0.28143538236618043
15 1000000 0 200 100 1289.0 0.5623655557632447
15 1000000 0 300 100 1312.35 0.8384814739227295
15 1000000 0 400 100 1315.45 1.1198707222938538
15 1000000 0 500 100 1322.95 1.3963643670082093
15 1000000 0 600 100 1338.5 1.6787529468536377
15 1000000 0 700 100 1337.05 1.9598161816596984
15 1000000 0 800 100 1340.15 2.237941527366638
15 1000000 0 900 100 1342.8 2.520260977745056
15 1000000 0 1000 100 1342.0 2.8182538390159606
16 1000000 0 100 100 1348.55 0.3198504686355591
16 1000000 0 200 200 1395.9 1.2913561105728149
16 1000000 0 300 300 1434.75 2.892143988609314
16 1000000 0 400 400 1435.9 5.117370653152466
16 1000000 0 500 500 1455.95 8.022785556316375
16 1000000 0 600 600 1452.5 11.43738933801651
16 1000000 0 700 700 1454.95 15.669293749332429
16 1000000 0 800 800 1465.05 20.369243502616882
16 1000000 0 900 900 1462.8 25.790721702575684
16 1000000 0 1000 1000 1466.85 31.87528681755066
16 1000000 0 100 100 1354.9 0.31858532428741454
16 1000000 0 100 200 1369.95 0.6390950560569764
16 1000000 0 100 300 1385.65 0.9631104230880737
16 1000000 0 100 400 1378.7 1.2844868659973145
16 1000000 0 100 500 1385.3 1.6454476356506347
16 1000000 0 100 600 1393.05 1.9249926567077638
16 1000000 0 100 700 1404.15 2.24187650680542
16 1000000 0 100 800 1404.75 2.551089072227478
16 1000000 0 100 900 1406.3 2.8871909499168398
16 1000000 0 100 1000 1413.3 3.1904870510101317
16 1000000 0 100 100 1367.95 0.3174217462539673
16 1000000 0 200 100 1402.0 0.6334698438644409
16 1000000 0 300 100 1409.95 0.9537946820259094
16 1000000 0 400 100 1417.9 1.258630108833313
16 1000000 0 500 100 1428.9 1.5838871121406555
16 1000000 0 600 100 1438.25 1.9006379008293153
16 1000000 0 700 100 1449.05 2.2322242617607118
16 1000000 0 800 100 1443.95 2.5352591395378115
16 1000000 0 900 100 1452.85 2.8505969882011413
16 1000000 0 1000 100 1461.0 3.1591688632965087
17 1000000 0 100 100 1422.05 0.36047518253326416
17 1000000 0 200 200 1486.05 1.4381914615631104
17 1000000 0 300 300 1503.1 3.232177531719208
17 1000000 0 400 400 1508.2 5.7743446826934814
17 1000000 0 500 500 1521.75 8.989935898780823
17 1000000 0 600 600 1529.2 12.947319412231446
17 1000000 0 700 700 1536.85 17.60634329319
17 1000000 0 800 800 1534.8 23.0127565741539
17 1000000 0 900 900 1542.35 29.151647198200227
17 1000000 0 1000 1000 1542.1 35.874463653564455
17 1000000 0 100 100 1435.2 0.3561737179756165
17 1000000 0 100 200 1443.6 0.7195351004600525
17 1000000 0 100 300 1443.85 1.0868596076965331
17 1000000 0 100 400 1463.7 1.4511997699737549
17 1000000 0 100 500 1464.0 1.7984046816825867
17 1000000 0 100 600 1459.7 2.157596302032471
17 1000000 0 100 700 1483.9 2.508830988407135
17 1000000 0 100 800 1480.5 2.8960285782814026
17 1000000 0 100 900 1476.2 3.246270680427551
17 1000000 0 100 1000 1480.2 3.616067671775818
17 1000000 0 100 100 1419.55 0.35805109739303587
17 1000000 0 200 100 1462.5 0.7183977484703064
17 1000000 0 300 100 1483.0 1.0722939729690553
17 1000000 0 400 100 1491.15 1.4219709634780884
17 1000000 0 500 100 1498.3 1.7818884253501892
17 1000000 0 600 100 1524.75 2.140108036994934
17 1000000 0 700 100 1521.9 2.490619969367981
17 1000000 0 800 100 1518.85 2.8707223296165467
17 1000000 0 900 100 1537.1 3.2086981654167177
17 1000000 0 1000 100 1535.45 3.571417498588562
18 1000000 0 100 100 1437.75 0.4060405850410461
18 1000000 0 200 200 1496.5 1.6225280284881591
18 1000000 0 300 300 1509.95 3.633796203136444
18 1000000 0 400 400 1517.35 6.471740293502807
18 1000000 0 500 500 1549.7 10.106841576099395
18 1000000 0 600 600 1554.7 14.57405651807785
18 1000000 0 700 700 1557.95 19.849155163764955
18 1000000 0 800 800 1556.75 25.895551490783692
18 1000000 0 900 900 1564.35 32.81348866224289
18 1000000 0 1000 1000 1569.05 40.29946140050888
18 1000000 0 100 100 1438.2 0.4018739700317383
18 1000000 0 100 200 1457.55 0.8066739201545715
18 1000000 0 100 300 1466.2 1.2094637751579285
18 1000000 0 100 400 1464.2 1.6121421575546264
18 1000000 0 100 500 1459.65 2.031554090976715
18 1000000 0 100 600 1485.3 2.4246635675430297
18 1000000 0 100 700 1490.35 2.826540446281433
18 1000000 0 100 800 1488.4 3.2614944100379946
18 1000000 0 100 900 1478.1 3.6637356758117674
18 1000000 0 100 1000 1484.9 4.071268117427826
18 1000000 0 100 100 1441.7 0.4057014584541321
18 1000000 0 200 100 1480.95 0.8111318111419678
18 1000000 0 300 100 1504.8 1.2065436840057373
18 1000000 0 400 100 1526.25 1.609704577922821
18 1000000 0 500 100 1538.5 2.0058606624603272
18 1000000 0 600 100 1541.2 2.4108417510986326
18 1000000 0 700 100 1552.4 2.8143862009048464
18 1000000 0 800 100 1554.65 3.2116415739059447
18 1000000 0 900 100 1560.35 3.6223657608032225
18 1000000 0 1000 100 1558.55 4.027534258365631
19 1000000 0 100 100 1538.5 0.44928818941116333
19 1000000 0 200 200 1585.05 1.8036829233169556
19 1000000 0 300 300 1615.45 4.065168237686157
19 1000000 0 400 400 1617.7 7.199480974674225
19 1000000 0 500 500 1642.65 11.293657457828521
19 1000000 0 600 600 1657.75 16.205466270446777
19 1000000 0 700 700 1654.25 22.097289621829987
19 1000000 0 800 800 1662.95 28.858828115463258
19 1000000 0 900 900 1679.15 36.43097912073135
19 1000000 0 1000 1000 1670.35 44.75256900787353
19 1000000 0 100 100 1525.95 0.4467036366462708
19 1000000 0 100 200 1552.4 0.8989470839500427
19 1000000 0 100 300 1552.75 1.35076961517334
19 1000000 0 100 400 1550.1 1.7995089411735534
19 1000000 0 100 500 1571.4 2.234425091743469
19 1000000 0 100 600 1565.35 2.7010746359825135
19 1000000 0 100 700 1560.45 3.1464226126670836
19 1000000 0 100 800 1582.45 3.6112600564956665
19 1000000 0 100 900 1584.45 4.0615532994270325
19 1000000 0 100 1000 1568.45 4.665615665912628
19 1000000 0 100 100 1535.2 0.4539143919944763
19 1000000 0 200 100 1582.85 0.8961524605751038
19 1000000 0 300 100 1615.35 1.343397569656372
19 1000000 0 400 100 1630.0 1.7929975628852843
19 1000000 0 500 100 1627.85 2.2346376538276673
19 1000000 0 600 100 1642.2 2.673117446899414
19 1000000 0 700 100 1651.45 3.102641773223877
19 1000000 0 800 100 1660.2 3.5475647807121278
19 1000000 0 900 100 1666.15 3.995739209651947
19 1000000 0 1000 100 1666.4 4.449895417690277
20 1000000 0 100 100 1652.5 0.5003416657447814
20 1000000 0 200 200 1703.8 1.9999112725257873
20 1000000 0 300 300 1722.1 4.515806925296784
20 1000000 0 400 400 1746.1 8.040362918376923
20 1000000 0 500 500 1748.5 12.59600739479065
20 1000000 0 600 600 1775.95 18.055914890766143
20 1000000 0 700 700 1772.1 24.587933552265167
20 1000000 0 800 800 1796.6 31.80703799724579
20 1000000 0 900 900 1793.9 40.649595975875854
20 1000000 0 1000 1000 1796.35 49.840991866588595
20 1000000 0 100 100 1612.1 0.49607285261154177
20 1000000 0 100 200 1646.35 0.9924478888511657
20 1000000 0 100 300 1673.5 1.5005619525909424
20 1000000 0 100 400 1671.35 2.0099963903427125
20 1000000 0 100 500 1653.85 2.5065364837646484
20 1000000 0 100 600 1670.35 2.994185280799866
20 1000000 0 100 700 1681.45 3.4937499523162843
20 1000000 0 100 800 1668.0 4.028556668758393
20 1000000 0 100 900 1672.9 4.504897284507751
20 1000000 0 100 1000 1696.45 4.996852195262909
20 1000000 0 100 100 1644.6 0.49778960943222045
20 1000000 0 200 100 1665.7 0.9939762473106384
20 1000000 0 300 100 1720.85 1.4936291933059693
20 1000000 0 400 100 1740.55 1.9901616454124451
20 1000000 0 500 100 1757.1 2.479789900779724
20 1000000 0 600 100 1767.95 2.9778609395027162
20 1000000 0 700 100 1771.75 3.4884168982505797
20 1000000 0 800 100 1786.85 3.969370150566101
20 1000000 0 900 100 1785.9 4.477738511562348
20 1000000 0 1000 100 1788.65 4.964732372760773
